chrom	midpoint	midpoint+1	c-w sum	c-w distance	replicate id
chr7	53735	53736	139.0	17	1
chr7	92387	92388	26.0	20	1
chr7	149323	149324	12.0	36	1
chr7	210250	210251	50.0	21	1
chr7	316708	316709	17.0	32	1
chr7	371365	371366	70.0	27	1
chr7	397848	397849	17.0	37	1
chr7	417375	417376	57.0	28	1
chr7	428444	428445	92.0	21	1
chr7	596357	596358	533.0	17	1
chr7	596380	596381	487.0	26	1
chr7	640534	640535	1593.0	27	1
chr7	731846	731847	77.0	20	1
chr7	746590	746591	11.0	37	1
chr7	774524	774525	10.0	21	1
chr7	853593	853594	32.0	24	1
chr6	4693	4694	25.0	20	1
chr6	4710	4711	17.0	28	1
chr6	4944	4945	105.0	31	1
chr6	5113	5114	92.0	35	1
chr6	184088	184089	46.0	32	1
chr5	85276	85277	24.0	25	1
chr5	111193	111194	29.0	17	1
chr5	128431	128432	88.0	17	1
chr5	194792	194793	19.0	29	1
chr5	225521	225522	25.0	33	1
chr5	266162	266163	52.0	31	1
chr5	322028	322029	7.0	24	1
chr5	462386	462387	257.0	19	1
chr5	484591	484592	53.0	33	1
chr5	484613	484614	35.0	26	1
chr5	522903	522904	14.0	27	1
chr4	52010	52011	9.0	37	1
chr4	87362	87363	91.0	29	1
chr4	125320	125321	211.0	29	1
chr4	169911	169912	8.0	21	1
chr4	222142	222143	10.0	26	1
chr4	411464	411465	49.0	25	1
chr4	524841	524842	40.0	35	1
chr4	769406	769407	60.0	31	1
chr4	1071810	1071811	64.0	33	1
chr4	1229733	1229734	15.0	25	1
chr4	1259731	1259732	14.0	21	1
chr4	1359607	1359608	22.0	23	1
chr4	1362650	1362651	15.0	26	1
chr4	1443595	1443596	12.0	37	1
chr4	1493328	1493329	60.0	34	1
chr3	53	54	20.0	34	1
chr3	50516	50517	71.0	33	1
chr3	78546	78547	33.0	22	1
chr2	122265	122266	20.0	17	1
chr2	337054	337055	32.0	18	1
chr2	350886	350887	24.0	25	1
chr2	369864	369865	27.0	27	1
chr2	391999	392000	168.0	27	1
chr2	427651	427652	12.0	34	1
chr2	578172	578173	24.0	28	1
chr2	668699	668700	21.0	21	1
chr1	87194	87195	49.0	18	1
chr9	41641	41642	19.0	36	1
chr9	122227	122228	40.0	18	1
chr9	131900	131901	270.0	30	1
chr9	169918	169919	199.0	20	1
chr9	197778	197779	200.0	20	1
chr9	244664	244665	15.0	36	1
chr9	254412	254413	24.0	24	1
chr9	360541	360542	136.0	25	1
chr9	429551	429552	9.0	21	1
chr8	151407	151408	167.0	25	1
chr8	187683	187684	15.0	29	1
chr8	480845	480846	16.0	20	1
chr8	556642	556643	88.0	25	1
chr13	14894	14895	150.0	19	1
chr13	14920	14921	27.0	20	1
chr13	169969	169970	154.0	28	1
chr13	225506	225507	19.0	28	1
chr13	253581	253582	54.0	25	1
chr13	266914	266915	23.0	29	1
chr13	271860	271861	11.0	20	1
chr13	372534	372535	14.0	22	1
chr13	420254	420255	25.0	37	1
chr13	510372	510373	15.0	19	1
chr13	510393	510394	30.0	26	1
chr13	695121	695122	6.0	19	1
chr13	832084	832085	28.0	18	1
chr12	22	23	11.0	33	1
chr12	5719	5720	153.0	24	1
chr12	11319	11320	14.0	28	1
chr12	11583	11584	24.0	29	1
chr12	196670	196671	23.0	34	1
chr12	198600	198601	93.0	26	1
chr12	234713	234714	27.0	21	1
chr12	241838	241839	7.0	19	1
chr12	370793	370794	37.0	26	1
chr12	371243	371244	111.0	31	1
chr12	399430	399431	14.0	23	1
chr12	460366	460367	28.0	26	1
chr12	460539	460540	36.0	17	1
chr12	489669	489670	122.0	33	1
chr12	501174	501175	120.0	34	1
chr12	543789	543790	118.0	25	1
chr12	554311	554312	73.0	32	1
chr12	636386	636387	36.0	19	1
chr12	922326	922327	13.0	28	1
chr12	924586	924587	9.0	18	1
chr12	932301	932302	26.0	17	1
chr12	1053257	1053258	108.0	20	1
chr12	1057191	1057192	33.0	33	1
chr11	183	184	76.0	18	1
chr11	67922	67923	12.0	18	1
chr11	115014	115015	6.0	26	1
chr11	118443	118444	19.0	21	1
chr11	171537	171538	15.0	35	1
chr11	174002	174003	381.0	29	1
chr11	219830	219831	13.0	18	1
chr11	309624	309625	33.0	23	1
chr11	523689	523690	19.0	36	1
chr11	589657	589658	32.0	22	1
chr11	618629	618630	19.0	24	1
chr11	619171	619172	125.0	18	1
chr11	666142	666143	43.0	37	1
chr11	666275	666276	20.0	30	1
chr11	666300	666301	23.0	33	1
chr11	666383	666384	20.0	33	1
chr11	666431	666432	64.0	29	1
chr10	99506	99507	6.0	36	1
chr10	123434	123435	32.0	23	1
chr10	136916	136917	4.0	37	1
chr10	223581	223582	29.0	22	1
chr10	246339	246340	9.0	18	1
chr10	391994	391995	59.0	26	1
chr10	424225	424226	26.0	20	1
chr10	585865	585866	24.0	21	1
chr10	649554	649555	48.0	18	1
chr10	663590	663591	615.0	22	1
chr10	683593	683594	33.0	33	1
chr10	745670	745671	33.0	32	1
chr10	745705	745706	68.0	36	1
chr16	6859	6860	6.0	25	1
chr16	75366	75367	45.0	20	1
chr16	105619	105620	23.0	24	1
chr16	147262	147263	60.0	20	1
chr16	159660	159661	41.0	25	1
chr16	326427	326428	24.0	20	1
chr16	408843	408844	24.0	34	1
chr16	581347	581348	10.0	35	1
chr16	730289	730290	8.0	21	1
chr16	730346	730347	130.0	29	1
chr16	770922	770923	18.0	20	1
chr16	822112	822113	5.0	19	1
chr16	860367	860368	11.0	37	1
chr15	42	43	24.0	29	1
chr15	109671	109672	23.0	26	1
chr15	168205	168206	27.0	34	1
chr15	373630	373631	87.0	35	1
chr15	421776	421777	160.0	35	1
chr15	520771	520772	274.0	25	1
chr15	554939	554940	32.0	22	1
chr15	566306	566307	8.0	28	1
chr15	720341	720342	25.0	31	1
chr15	781666	781667	112.0	35	1
chr15	781698	781699	27.0	25	1
chr15	968272	968273	95.0	24	1
chr15	979548	979549	13.0	20	1
chr15	989658	989659	77.0	31	1
chr15	1064058	1064059	10.0	23	1
chr14	6632	6633	20.0	22	1
chr14	6680	6681	52.0	19	1
chr14	6995	6996	10.0	33	1
chr14	19478	19479	78.0	19	1
chr14	88912	88913	87.0	29	1
chr14	349351	349352	4.0	24	1
chr14	405796	405797	850.0	26	1
chr14	452180	452181	44.0	24	1
chr14	479358	479359	615.0	24	1
chr14	503274	503275	97.0	21	1
chr14	604818	604819	8.0	20	1
chr14	618392	618393	66.0	28	1
chr14	619956	619957	72.0	19	1
chr14	651906	651907	13.0	24	1
chr14	784042	784043	35.0	25	1
chr14	784259	784260	34.0	33	1
chr7	13241	13242	7.0	19	2
chr7	35187	35188	56.0	19	2
chr7	35319	35320	11.0	30	2
chr7	35345	35346	8.0	17	2
chr7	37030	37031	4.0	32	2
chr7	53789	53790	9.0	29	2
chr7	53807	53808	22.0	24	2
chr7	56383	56384	4.0	20	2
chr7	79106	79107	65.0	32	2
chr7	79143	79144	14.0	27	2
chr7	87350	87351	15.0	18	2
chr7	115483	115484	12.0	20	2
chr7	115683	115684	7.0	19	2
chr7	115728	115729	14.0	29	2
chr7	122263	122264	35.0	20	2
chr7	122946	122947	4.0	32	2
chr7	123262	123263	8.0	30	2
chr7	123358	123359	8.0	22	2
chr7	123459	123460	35.0	22	2
chr7	123570	123571	9.0	36	2
chr7	123587	123588	6.0	32	2
chr7	123623	123624	9.0	18	2
chr7	123806	123807	6.0	22	2
chr7	129312	129313	11.0	35	2
chr7	144494	144495	16.0	29	2
chr7	217293	217294	11.0	29	2
chr7	245261	245262	18.0	24	2
chr7	271519	271520	16.0	33	2
chr7	271735	271736	11.0	22	2
chr7	272816	272817	12.0	25	2
chr7	273041	273042	36.0	25	2
chr7	273318	273319	8.0	17	2
chr7	310893	310894	4.0	23	2
chr7	316286	316287	8.0	21	2
chr7	316405	316406	11.0	29	2
chr7	316429	316430	17.0	33	2
chr7	316469	316470	5.0	35	2
chr7	319896	319897	5.0	28	2
chr7	321577	321578	26.0	30	2
chr7	328680	328681	6.0	20	2
chr7	345652	345653	14.0	22	2
chr7	345725	345726	13.0	35	2
chr7	346050	346051	14.0	32	2
chr7	366709	366710	6.0	29	2
chr7	374904	374905	17.0	23	2
chr7	375033	375034	19.0	36	2
chr7	393750	393751	8.0	20	2
chr7	393773	393774	25.0	25	2
chr7	393793	393794	63.0	30	2
chr7	398116	398117	4.0	34	2
chr7	401618	401619	12.0	18	2
chr7	409314	409315	13.0	26	2
chr7	481652	481653	5.0	36	2
chr7	485294	485295	13.0	25	2
chr7	485359	485360	12.0	18	2
chr7	485385	485386	11.0	25	2
chr7	495911	495912	14.0	17	2
chr7	500065	500066	28.0	21	2
chr7	511056	511057	5.0	20	2
chr7	511108	511109	13.0	34	2
chr7	512640	512641	5.0	37	2
chr7	513238	513239	13.0	37	2
chr7	532787	532788	10.0	18	2
chr7	547413	547414	57.0	23	2
chr7	548323	548324	40.0	23	2
chr7	560230	560231	10.0	27	2
chr7	560490	560491	15.0	26	2
chr7	560604	560605	6.0	20	2
chr7	584639	584640	41.0	23	2
chr7	584730	584731	27.0	28	2
chr7	592684	592685	13.0	25	2
chr7	601423	601424	13.0	26	2
chr7	609714	609715	10.0	35	2
chr7	625515	625516	27.0	25	2
chr7	640468	640469	20.0	31	2
chr7	648241	648242	19.0	27	2
chr7	648264	648265	17.0	24	2
chr7	648286	648287	12.0	25	2
chr7	651491	651492	10.0	17	2
chr7	652812	652813	9.0	34	2
chr7	731789	731790	11.0	22	2
chr7	753936	753937	21.0	21	2
chr7	756742	756743	14.0	27	2
chr7	756880	756881	8.0	17	2
chr7	757387	757388	14.0	21	2
chr7	770347	770348	11.0	20	2
chr7	770498	770499	15.0	21	2
chr7	843893	843894	11.0	35	2
chr7	854952	854953	22.0	29	2
chr7	855077	855078	45.0	17	2
chr7	888724	888725	18.0	37	2
chr7	889555	889556	26.0	26	2
chr7	892143	892144	6.0	27	2
chr7	906245	906246	43.0	25	2
chr7	920583	920584	4.0	17	2
chr7	932055	932056	15.0	25	2
chr7	937023	937024	22.0	24	2
chr7	962154	962155	5.0	37	2
chr7	962265	962266	23.0	30	2
chr7	976867	976868	9.0	27	2
chr7	987009	987010	17.0	26	2
chr7	1022443	1022444	11.0	20	2
chr7	1026034	1026035	17.0	28	2
chr7	1026264	1026265	21.0	30	2
chr7	1051905	1051906	20.0	36	2
chr7	1070170	1070171	12.0	32	2
chr7	1084024	1084025	34.0	30	2
chr7	1084056	1084057	13.0	31	2
chr6	55070	55071	11.0	18	2
chr6	55253	55254	22.0	19	2
chr6	56148	56149	78.0	19	2
chr6	90280	90281	21.0	19	2
chr6	90838	90839	3038.0	18	2
chr6	95530	95531	6.0	21	2
chr6	95563	95564	10.0	23	2
chr6	95598	95599	13.0	27	2
chr6	96692	96693	7.0	22	2
chr6	106687	106688	10.0	23	2
chr6	129881	129882	6.0	37	2
chr6	130568	130569	6.0	37	2
chr6	150239	150240	6.0	23	2
chr6	160232	160233	8.0	30	2
chr6	173477	173478	28.0	25	2
chr6	173492	173493	12.0	35	2
chr6	183931	183932	14.0	20	2
chr6	196634	196635	36.0	25	2
chr6	226757	226758	6.0	26	2
chr6	249911	249912	5.0	23	2
chr6	249930	249931	18.0	18	2
chr6	249954	249955	14.0	28	2
chr6	250289	250290	24.0	31	2
chr6	250341	250342	14.0	36	2
chr6	251848	251849	9.0	17	2
chr6	252094	252095	7.0	17	2
chr5	13151	13152	6.0	32	2
chr5	42189	42190	33.0	22	2
chr5	42226	42227	118.0	26	2
chr5	117915	117916	19.0	30	2
chr5	131457	131458	31.0	29	2
chr5	131484	131485	27.0	24	2
chr5	131605	131606	23.0	34	2
chr5	131630	131631	11.0	21	2
chr5	178772	178773	14.0	33	2
chr5	191945	191946	14.0	19	2
chr5	192441	192442	4.0	34	2
chr5	192587	192588	11.0	24	2
chr5	192707	192708	9.0	28	2
chr5	194670	194671	6.0	20	2
chr5	196816	196817	44.0	29	2
chr5	196842	196843	19.0	28	2
chr5	196890	196891	13.0	23	2
chr5	204843	204844	15.0	23	2
chr5	214882	214883	11.0	21	2
chr5	230028	230029	15.0	31	2
chr5	250452	250453	10.0	20	2
chr5	254420	254421	7.0	23	2
chr5	260194	260195	21.0	37	2
chr5	280335	280336	10.0	31	2
chr5	287304	287305	18.0	25	2
chr5	287326	287327	14.0	25	2
chr5	294089	294090	9.0	30	2
chr5	305984	305985	13.0	27	2
chr5	332762	332763	8.0	25	2
chr5	342630	342631	14.0	29	2
chr5	349666	349667	27.0	22	2
chr5	349686	349687	31.0	28	2
chr5	372095	372096	9.0	34	2
chr5	372437	372438	7.0	21	2
chr5	386510	386511	5.0	29	2
chr5	434623	434624	12.0	19	2
chr5	439221	439222	15.0	18	2
chr5	439252	439253	15.0	34	2
chr5	439360	439361	12.0	28	2
chr5	462562	462563	10.0	32	2
chr5	484777	484778	6.0	28	2
chr5	503892	503893	74.0	18	2
chr5	504883	504884	5.0	37	2
chr5	546743	546744	10.0	30	2
chr5	570203	570204	37.0	29	2
chr5	570219	570220	34.0	31	2
chr5	570237	570238	69.0	31	2
chr4	34726	34727	4.0	34	2
chr4	68895	68896	9.0	25	2
chr4	116053	116054	20.0	22	2
chr4	147988	147989	131.0	20	2
chr4	148016	148017	143.0	22	2
chr4	148038	148039	226.0	22	2
chr4	167530	167531	73.0	17	2
chr4	167575	167576	58.0	25	2
chr4	167800	167801	18.0	28	2
chr4	168854	168855	6.0	24	2
chr4	176129	176130	11.0	35	2
chr4	176306	176307	9.0	37	2
chr4	176369	176370	8.0	19	2
chr4	176559	176560	25.0	37	2
chr4	211148	211149	13.0	17	2
chr4	211502	211503	9.0	30	2
chr4	215817	215818	43.0	27	2
chr4	234130	234131	8.0	34	2
chr4	234338	234339	11.0	31	2
chr4	243392	243393	9.0	25	2
chr4	255259	255260	27.0	27	2
chr4	286810	286811	22.0	19	2
chr4	301197	301198	5.0	24	2
chr4	301229	301230	12.0	21	2
chr4	302893	302894	12.0	32	2
chr4	330642	330643	40.0	28	2
chr4	330658	330659	47.0	19	2
chr4	330679	330680	25.0	19	2
chr4	332670	332671	37.0	18	2
chr4	352403	352404	8.0	31	2
chr4	369343	369344	109.0	31	2
chr4	369377	369378	266.0	28	2
chr4	372164	372165	17.0	23	2
chr4	372188	372189	21.0	27	2
chr4	381593	381594	5.0	26	2
chr4	381631	381632	8.0	26	2
chr4	393702	393703	10.0	18	2
chr4	407472	407473	25.0	23	2
chr4	417980	417981	11.0	36	2
chr4	437913	437914	110.0	26	2
chr4	442431	442432	9.0	33	2
chr4	449427	449428	11.0	33	2
chr4	453826	453827	17.0	27	2
chr4	478933	478934	15.0	22	2
chr4	501771	501772	17.0	33	2
chr4	505024	505025	26.0	26	2
chr4	524926	524927	49.0	30	2
chr4	524947	524948	19.0	35	2
chr4	524983	524984	8.0	32	2
chr4	539108	539109	11.0	28	2
chr4	545287	545288	14.0	21	2
chr4	556783	556784	11.0	34	2
chr4	556826	556827	75.0	20	2
chr4	562960	562961	31.0	27	2
chr4	592270	592271	13.0	20	2
chr4	592317	592318	12.0	30	2
chr4	617443	617444	6.0	30	2
chr4	628736	628737	58.0	32	2
chr4	628778	628779	9.0	18	2
chr4	629674	629675	13.0	17	2
chr4	653140	653141	7.0	34	2
chr4	653292	653293	27.0	28	2
chr4	742112	742113	7.0	30	2
chr4	746444	746445	14.0	25	2
chr4	751408	751409	16.0	24	2
chr4	768275	768276	12.0	27	2
chr4	787385	787386	7.0	27	2
chr4	811744	811745	14.0	31	2
chr4	811909	811910	9.0	17	2
chr4	842053	842054	10.0	22	2
chr4	842108	842109	10.0	32	2
chr4	842217	842218	20.0	21	2
chr4	842237	842238	6.0	28	2
chr4	867564	867565	11.0	20	2
chr4	867605	867606	11.0	32	2
chr4	867901	867902	12.0	21	2
chr4	907090	907091	11.0	21	2
chr4	907135	907136	13.0	28	2
chr4	924005	924006	9.0	29	2
chr4	926948	926949	32.0	20	2
chr4	972323	972324	11.0	24	2
chr4	1059023	1059024	10.0	23	2
chr4	1071714	1071715	41.0	19	2
chr4	1075213	1075214	9.0	23	2
chr4	1075416	1075417	14.0	26	2
chr4	1075551	1075552	31.0	20	2
chr4	1113643	1113644	13.0	29	2
chr4	1114066	1114067	22.0	27	2
chr4	1114305	1114306	11.0	23	2
chr4	1251909	1251910	13.0	23	2
chr4	1263755	1263756	6.0	22	2
chr4	1269917	1269918	9.0	32	2
chr4	1279546	1279547	9.0	33	2
chr4	1294578	1294579	8.0	26	2
chr4	1359083	1359084	10.0	20	2
chr4	1359121	1359122	12.0	22	2
chr4	1362537	1362538	18.0	19	2
chr4	1369169	1369170	11.0	32	2
chr4	1369335	1369336	10.0	34	2
chr4	1369617	1369618	10.0	23	2
chr4	1376052	1376053	9.0	30	2
chr4	1394783	1394784	19.0	23	2
chr4	1394806	1394807	30.0	34	2
chr4	1417156	1417157	24.0	22	2
chr4	1429183	1429184	13.0	34	2
chr4	1469190	1469191	1893.0	26	2
chr4	1469254	1469255	24.0	32	2
chr4	1481258	1481259	9.0	26	2
chr4	1483956	1483957	6.0	28	2
chr4	1484077	1484078	4.0	32	2
chr4	1493407	1493408	6.0	22	2
chr4	1525251	1525252	565.0	30	2
chr3	50569	50570	5.0	28	2
chr3	51102	51103	17.0	37	2
chr3	51574	51575	12.0	17	2
chr3	137103	137104	10.0	22	2
chr3	137135	137136	6.0	33	2
chr3	178848	178849	16.0	31	2
chr3	178971	178972	23.0	33	2
chr3	179044	179045	22.0	34	2
chr3	179166	179167	13.0	31	2
chr3	205480	205481	11.0	34	2
chr3	236874	236875	12.0	25	2
chr3	236931	236932	97.0	17	2
chr3	237364	237365	13.0	33	2
chr3	289452	289453	10.0	25	2
chr3	316196	316197	9.0	22	2
chr2	6191	6192	64.0	26	2
chr2	60069	60070	18.0	18	2
chr2	69612	69613	4.0	24	2
chr2	69927	69928	9.0	32	2
chr2	111044	111045	12.0	34	2
chr2	111141	111142	19.0	22	2
chr2	111272	111273	61.0	23	2
chr2	111615	111616	5.0	37	2
chr2	122172	122173	26.0	34	2
chr2	124988	124989	122.0	25	2
chr2	132247	132248	10.0	29	2
chr2	136006	136007	7.0	30	2
chr2	143103	143104	7.0	24	2
chr2	151034	151035	7.0	22	2
chr2	151614	151615	16.0	37	2
chr2	158837	158838	5.0	32	2
chr2	165243	165244	13.0	36	2
chr2	197707	197708	19.0	30	2
chr2	202056	202057	6.0	34	2
chr2	202515	202516	93.0	37	2
chr2	203175	203176	7.0	36	2
chr2	273245	273246	16.0	19	2
chr2	276570	276571	15.0	20	2
chr2	276597	276598	21.0	22	2
chr2	276688	276689	6.0	23	2
chr2	307031	307032	16.0	18	2
chr2	310423	310424	13.0	18	2
chr2	336857	336858	12.0	20	2
chr2	336995	336996	15.0	36	2
chr2	340656	340657	6.0	32	2
chr2	340805	340806	17.0	17	2
chr2	378048	378049	29.0	29	2
chr2	405860	405861	7.0	29	2
chr2	414332	414333	15.0	29	2
chr2	414364	414365	31.0	26	2
chr2	415105	415106	6.0	36	2
chr2	415583	415584	10.0	17	2
chr2	427310	427311	11.0	36	2
chr2	427769	427770	7.0	25	2
chr2	434199	434200	10.0	19	2
chr2	466945	466946	19.0	35	2
chr2	496963	496964	16.0	31	2
chr2	496988	496989	26.0	17	2
chr2	497062	497063	9.0	30	2
chr2	504361	504362	6.0	36	2
chr2	505645	505646	18.0	37	2
chr2	532328	532329	8.0	28	2
chr2	565442	565443	4.0	17	2
chr2	582240	582241	22.0	36	2
chr2	589370	589371	7.0	27	2
chr2	595151	595152	6.0	23	2
chr2	595778	595779	52.0	22	2
chr2	618628	618629	8.0	24	2
chr2	618678	618679	26.0	29	2
chr2	627912	627913	11.0	29	2
chr2	628090	628091	10.0	37	2
chr2	628249	628250	78.0	18	2
chr2	628289	628290	44.0	21	2
chr2	657210	657211	8.0	20	2
chr2	661797	661798	11.0	32	2
chr2	668578	668579	12.0	19	2
chr2	691476	691477	13.0	27	2
chr2	691528	691529	6.0	24	2
chr2	691613	691614	29.0	35	2
chr2	691631	691632	11.0	28	2
chr2	691800	691801	21.0	33	2
chr2	692138	692139	5.0	28	2
chr2	722726	722727	9.0	28	2
chr2	722809	722810	14.0	21	2
chr2	728253	728254	15.0	26	2
chr1	246	247	150.0	35	2
chr1	427	428	111.0	29	2
chr1	70976	70977	27.0	31	2
chr1	87069	87070	10.0	20	2
chr1	119725	119726	8.0	31	2
chr1	119828	119829	13.0	28	2
chr1	124689	124690	10.0	34	2
chr1	136497	136498	9.0	26	2
chr9	60763	60764	8.0	32	2
chr9	68368	68369	32.0	30	2
chr9	77414	77415	6.0	34	2
chr9	117516	117517	7.0	37	2
chr9	122325	122326	117.0	27	2
chr9	131603	131604	10.0	31	2
chr9	131977	131978	26.0	31	2
chr9	139551	139552	4.0	30	2
chr9	142569	142570	124.0	18	2
chr9	142629	142630	11.0	32	2
chr9	160493	160494	53.0	34	2
chr9	160615	160616	41.0	22	2
chr9	198387	198388	10.0	32	2
chr9	220904	220905	37.0	29	2
chr9	220925	220926	21.0	24	2
chr9	220965	220966	10.0	25	2
chr9	244857	244858	9.0	37	2
chr9	244901	244902	20.0	26	2
chr9	268994	268995	19.0	34	2
chr9	310914	310915	452.0	29	2
chr9	311301	311302	10.0	23	2
chr9	343452	343453	5.0	24	2
chr9	360926	360927	15.0	18	2
chr9	361004	361005	5.0	31	2
chr9	381014	381015	23.0	26	2
chr9	381032	381033	17.0	23	2
chr9	381295	381296	6.0	24	2
chr9	439468	439469	49.0	35	2
chr8	5022	5023	15.0	23	2
chr8	5070	5071	36.0	37	2
chr8	5122	5123	43.0	24	2
chr8	12095	12096	18.0	27	2
chr8	39674	39675	22.0	31	2
chr8	39692	39693	27.0	37	2
chr8	39723	39724	14.0	25	2
chr8	39742	39743	43.0	34	2
chr8	39807	39808	12.0	30	2
chr8	40447	40448	11.0	22	2
chr8	98668	98669	18.0	29	2
chr8	117511	117512	11.0	27	2
chr8	151351	151352	6.0	20	2
chr8	151484	151485	9.0	32	2
chr8	160667	160668	9.0	37	2
chr8	249706	249707	5.0	32	2
chr8	272103	272104	13.0	32	2
chr8	272607	272608	8.0	32	2
chr8	281127	281128	12.0	26	2
chr8	302547	302548	11.0	24	2
chr8	374439	374440	9.0	31	2
chr8	374684	374685	4.0	34	2
chr8	374728	374729	11.0	30	2
chr8	381474	381475	7.0	31	2
chr8	402768	402769	26.0	17	2
chr8	437201	437202	5.0	19	2
chr8	456416	456417	20.0	21	2
chr8	459098	459099	10.0	28	2
chr8	466975	466976	6.0	19	2
chr8	480908	480909	9.0	20	2
chr8	506172	506173	80.0	20	2
chr8	506204	506205	19.0	33	2
chr8	508783	508784	44.0	29	2
chr8	556394	556395	41.0	34	2
chr8	556975	556976	15.0	21	2
chr13	14702	14703	11.0	22	2
chr13	15215	15216	13.0	22	2
chr13	29153	29154	11.0	31	2
chr13	29363	29364	10.0	21	2
chr13	29670	29671	17.0	22	2
chr13	29718	29719	11.0	27	2
chr13	29830	29831	9.0	21	2
chr13	30147	30148	16.0	22	2
chr13	30163	30164	8.0	19	2
chr13	67632	67633	13.0	22	2
chr13	67789	67790	19.0	34	2
chr13	70256	70257	15.0	17	2
chr13	101607	101608	29.0	37	2
chr13	101647	101648	19.0	25	2
chr13	102688	102689	6.0	27	2
chr13	104383	104384	11.0	18	2
chr13	118337	118338	12.0	21	2
chr13	135373	135374	17.0	20	2
chr13	135422	135423	16.0	22	2
chr13	159668	159669	15.0	29	2
chr13	170180	170181	13.0	19	2
chr13	192113	192114	9.0	28	2
chr13	192297	192298	10.0	24	2
chr13	195387	195388	10.0	25	2
chr13	195823	195824	11.0	34	2
chr13	271722	271723	9.0	23	2
chr13	273061	273062	10.0	21	2
chr13	273237	273238	15.0	34	2
chr13	303021	303022	16.0	24	2
chr13	308993	308994	13.0	30	2
chr13	312118	312119	23.0	17	2
chr13	312230	312231	10.0	33	2
chr13	353048	353049	18.0	36	2
chr13	353240	353241	14.0	24	2
chr13	366404	366405	14.0	35	2
chr13	366590	366591	9.0	32	2
chr13	366932	366933	30.0	33	2
chr13	367072	367073	16.0	32	2
chr13	367136	367137	9.0	35	2
chr13	439254	439255	11.0	21	2
chr13	469627	469628	16.0	20	2
chr13	478837	478838	25.0	29	2
chr13	510713	510714	10.0	28	2
chr13	510740	510741	12.0	25	2
chr13	510796	510797	18.0	37	2
chr13	545760	545761	14.0	37	2
chr13	545879	545880	16.0	19	2
chr13	560838	560839	6.0	32	2
chr13	577456	577457	6.0	17	2
chr13	626045	626046	69.0	30	2
chr13	628140	628141	8.0	21	2
chr13	632155	632156	26.0	22	2
chr13	632235	632236	12.0	17	2
chr13	653379	653380	16.0	27	2
chr13	653412	653413	15.0	32	2
chr13	675479	675480	6.0	37	2
chr13	684028	684029	12.0	19	2
chr13	684141	684142	34.0	34	2
chr13	694835	694836	8.0	29	2
chr13	777693	777694	12.0	35	2
chr13	782828	782829	11.0	35	2
chr13	797748	797749	11.0	37	2
chr13	832022	832023	11.0	17	2
chr13	836031	836032	7.0	18	2
chr13	854687	854688	45.0	18	2
chr13	854717	854718	11.0	28	2
chr13	854747	854748	10.0	33	2
chr13	880922	880923	14.0	27	2
chr12	5814	5815	32.0	28	2
chr12	37375	37376	15.0	18	2
chr12	40409	40410	4.0	35	2
chr12	40893	40894	6.0	37	2
chr12	49745	49746	16.0	25	2
chr12	63366	63367	9.0	20	2
chr12	63548	63549	5.0	18	2
chr12	63776	63777	34.0	32	2
chr12	108497	108498	6.0	20	2
chr12	108558	108559	37.0	27	2
chr12	120929	120930	8.0	35	2
chr12	120952	120953	11.0	28	2
chr12	121291	121292	12.0	30	2
chr12	121316	121317	26.0	36	2
chr12	129897	129898	13.0	26	2
chr12	131489	131490	7.0	33	2
chr12	198749	198750	7.0	25	2
chr12	234182	234183	5.0	22	2
chr12	234839	234840	42.0	33	2
chr12	234960	234961	5.0	33	2
chr12	283117	283118	6.0	34	2
chr12	293632	293633	15.0	37	2
chr12	293791	293792	17.0	31	2
chr12	296712	296713	5.0	37	2
chr12	345921	345922	7.0	24	2
chr12	369778	369779	14.0	36	2
chr12	377348	377349	11.0	17	2
chr12	377406	377407	51.0	27	2
chr12	377637	377638	10.0	19	2
chr12	377799	377800	11.0	26	2
chr12	399022	399023	12.0	35	2
chr12	399722	399723	6.0	33	2
chr12	402050	402051	10.0	23	2
chr12	438172	438173	14.0	36	2
chr12	438193	438194	6.0	34	2
chr12	459869	459870	83.0	32	2
chr12	459904	459905	155.0	22	2
chr12	459982	459983	31.0	24	2
chr12	460040	460041	78.0	36	2
chr12	460141	460142	80.0	34	2
chr12	489893	489894	14.0	21	2
chr12	490609	490610	11.0	32	2
chr12	490641	490642	47.0	36	2
chr12	500641	500642	7.0	24	2
chr12	501107	501108	14.0	25	2
chr12	501258	501259	17.0	32	2
chr12	514542	514543	9.0	17	2
chr12	514568	514569	11.0	31	2
chr12	559415	559416	12.0	29	2
chr12	566127	566128	5.0	19	2
chr12	566391	566392	9.0	18	2
chr12	568565	568566	5.0	36	2
chr12	576556	576557	8.0	20	2
chr12	586072	586073	141.0	36	2
chr12	586094	586095	128.0	35	2
chr12	586175	586176	14.0	36	2
chr12	586187	586188	8.0	33	2
chr12	633428	633429	8.0	26	2
chr12	645809	645810	10.0	34	2
chr12	645841	645842	24.0	28	2
chr12	669113	669114	24.0	25	2
chr12	680962	680963	10.0	35	2
chr12	680982	680983	23.0	30	2
chr12	694310	694311	10.0	29	2
chr12	699707	699708	22.0	27	2
chr12	710741	710742	5.0	27	2
chr12	725573	725574	21.0	36	2
chr12	725591	725592	13.0	32	2
chr12	751826	751827	9.0	36	2
chr12	823453	823454	40.0	25	2
chr12	830734	830735	10.0	27	2
chr12	830918	830919	6.0	29	2
chr12	898962	898963	21.0	17	2
chr12	898981	898982	35.0	21	2
chr12	903199	903200	11.0	34	2
chr12	903229	903230	16.0	17	2
chr12	924706	924707	87.0	30	2
chr12	934294	934295	10.0	28	2
chr12	1012684	1012685	18.0	32	2
chr12	1064560	1064561	20.0	20	2
chr12	1064915	1064916	173.0	24	2
chr12	1064998	1064999	263.0	35	2
chr12	1065021	1065022	98.0	31	2
chr12	1065115	1065116	11.0	25	2
chr11	20942	20943	63.0	19	2
chr11	21128	21129	18.0	32	2
chr11	71119	71120	16.0	18	2
chr11	155440	155441	17.0	28	2
chr11	171400	171401	13.0	21	2
chr11	173699	173700	13.0	20	2
chr11	174079	174080	27.0	27	2
chr11	174100	174101	10.0	29	2
chr11	219765	219766	13.0	30	2
chr11	245357	245358	25.0	17	2
chr11	245517	245518	33.0	35	2
chr11	277687	277688	15.0	17	2
chr11	282429	282430	10.0	33	2
chr11	321425	321426	10.0	29	2
chr11	326650	326651	15.0	25	2
chr11	326866	326867	19.0	18	2
chr11	339168	339169	8.0	29	2
chr11	352736	352737	5.0	31	2
chr11	382658	382659	44.0	25	2
chr11	391803	391804	7.0	36	2
chr11	391892	391893	5.0	26	2
chr11	391986	391987	18.0	27	2
chr11	392004	392005	12.0	21	2
chr11	437394	437395	8.0	23	2
chr11	440690	440691	17.0	21	2
chr11	444960	444961	16.0	35	2
chr11	451049	451050	301.0	20	2
chr11	462642	462643	10.0	20	2
chr11	468489	468490	83.0	24	2
chr11	482926	482927	17.0	24	2
chr11	493360	493361	34.0	29	2
chr11	493468	493469	10.0	28	2
chr11	562045	562046	49.0	33	2
chr11	567288	567289	8.0	28	2
chr11	579989	579990	9.0	20	2
chr11	619262	619263	4.0	37	2
chr11	665973	665974	10.0	30	2
chr10	60371	60372	27.0	27	2
chr10	68857	68858	9.0	18	2
chr10	73716	73717	8.0	27	2
chr10	83298	83299	15.0	21	2
chr10	137143	137144	18.0	23	2
chr10	137998	137999	5.0	34	2
chr10	159749	159750	17.0	34	2
chr10	187857	187858	10.0	36	2
chr10	187938	187939	32.0	29	2
chr10	192285	192286	23.0	29	2
chr10	204714	204715	16.0	17	2
chr10	207341	207342	11.0	30	2
chr10	223348	223349	6.0	19	2
chr10	223740	223741	18.0	22	2
chr10	223789	223790	8.0	18	2
chr10	223921	223922	10.0	34	2
chr10	223944	223945	15.0	20	2
chr10	228529	228530	5.0	21	2
chr10	241712	241713	43.0	23	2
chr10	265201	265202	17.0	22	2
chr10	339460	339461	34.0	18	2
chr10	359928	359929	58.0	34	2
chr10	359950	359951	33.0	24	2
chr10	378616	378617	13.0	24	2
chr10	403025	403026	12.0	21	2
chr10	432445	432446	9.0	31	2
chr10	432457	432458	10.0	25	2
chr10	445793	445794	17.0	19	2
chr10	450832	450833	6.0	28	2
chr10	455196	455197	36.0	30	2
chr10	521768	521769	4.0	22	2
chr10	543052	543053	5.0	24	2
chr10	570340	570341	10.0	17	2
chr10	576678	576679	11.0	21	2
chr10	585959	585960	88.0	19	2
chr10	594268	594269	5.0	27	2
chr10	598340	598341	5.0	37	2
chr10	615428	615429	7.0	23	2
chr10	615631	615632	15.0	20	2
chr10	624491	624492	11.0	21	2
chr10	648653	648654	10.0	30	2
chr10	649644	649645	16.0	27	2
chr10	663482	663483	14.0	19	2
chr10	683537	683538	16.0	31	2
chr10	683750	683751	19.0	33	2
chr10	683918	683919	6.0	32	2
chr16	32947	32948	16.0	31	2
chr16	38622	38623	9.0	28	2
chr16	39009	39010	13.0	22	2
chr16	49214	49215	6.0	22	2
chr16	67287	67288	21.0	24	2
chr16	67325	67326	6.0	37	2
chr16	100263	100264	24.0	17	2
chr16	116929	116930	41.0	27	2
chr16	138458	138459	11.0	20	2
chr16	188020	188021	14.0	35	2
chr16	203099	203100	18.0	31	2
chr16	205177	205178	14.0	31	2
chr16	205238	205239	7.0	33	2
chr16	212206	212207	5.0	21	2
chr16	231062	231063	6.0	30	2
chr16	264904	264905	13.0	19	2
chr16	271971	271972	14.0	27	2
chr16	280335	280336	18.0	24	2
chr16	309868	309869	20.0	24	2
chr16	309910	309911	35.0	31	2
chr16	322036	322037	14.0	25	2
chr16	340114	340115	19.0	30	2
chr16	340277	340278	21.0	21	2
chr16	370539	370540	5.0	37	2
chr16	409184	409185	12.0	26	2
chr16	413142	413143	32.0	21	2
chr16	425290	425291	7.0	37	2
chr16	431751	431752	48.0	23	2
chr16	444571	444572	6.0	28	2
chr16	450889	450890	9.0	17	2
chr16	450992	450993	31.0	27	2
chr16	454388	454389	6.0	31	2
chr16	454512	454513	17.0	20	2
chr16	499463	499464	273.0	26	2
chr16	499513	499514	15.0	20	2
chr16	499621	499622	48.0	24	2
chr16	517041	517042	15.0	19	2
chr16	542196	542197	22.0	19	2
chr16	593769	593770	15.0	23	2
chr16	614838	614839	9.0	37	2
chr16	627194	627195	14.0	37	2
chr16	627219	627220	17.0	25	2
chr16	627387	627388	9.0	22	2
chr16	627439	627440	55.0	27	2
chr16	627588	627589	16.0	24	2
chr16	641281	641282	17.0	28	2
chr16	641308	641309	18.0	32	2
chr16	643689	643690	18.0	28	2
chr16	666321	666322	6.0	35	2
chr16	667656	667657	12.0	27	2
chr16	667769	667770	10.0	19	2
chr16	681374	681375	8.0	19	2
chr16	681718	681719	11.0	34	2
chr16	682125	682126	55.0	31	2
chr16	682152	682153	19.0	36	2
chr16	682323	682324	21.0	37	2
chr16	682527	682528	36.0	33	2
chr16	684750	684751	4.0	23	2
chr16	695144	695145	31.0	34	2
chr16	696895	696896	20.0	24	2
chr16	719502	719503	204.0	17	2
chr16	769318	769319	15.0	23	2
chr16	789575	789576	15.0	32	2
chr16	825607	825608	22.0	24	2
chr16	832957	832958	48.0	26	2
chr16	870436	870437	15.0	30	2
chr16	870453	870454	64.0	18	2
chr15	47673	47674	44.0	26	2
chr15	48042	48043	14.0	34	2
chr15	55286	55287	10.0	36	2
chr15	55699	55700	12.0	28	2
chr15	61234	61235	14.0	32	2
chr15	86994	86995	11.0	18	2
chr15	87016	87017	11.0	21	2
chr15	109295	109296	15.0	23	2
chr15	110142	110143	7.0	27	2
chr15	110167	110168	5.0	18	2
chr15	144073	144074	137.0	25	2
chr15	144140	144141	7.0	24	2
chr15	144266	144267	8.0	19	2
chr15	160670	160671	6.0	32	2
chr15	160683	160684	5.0	36	2
chr15	161363	161364	38.0	20	2
chr15	161798	161799	27.0	19	2
chr15	161870	161871	6.0	18	2
chr15	170495	170496	20.0	33	2
chr15	216378	216379	7.0	23	2
chr15	234179	234180	14.0	27	2
chr15	234201	234202	7.0	20	2
chr15	234222	234223	10.0	34	2
chr15	234376	234377	13.0	18	2
chr15	234518	234519	28.0	27	2
chr15	255251	255252	13.0	31	2
chr15	256777	256778	11.0	21	2
chr15	307754	307755	30.0	21	2
chr15	316100	316101	13.0	35	2
chr15	316158	316159	9.0	33	2
chr15	316180	316181	9.0	26	2
chr15	316212	316213	6.0	32	2
chr15	415973	415974	6.0	28	2
chr15	421904	421905	9.0	24	2
chr15	444347	444348	13.0	31	2
chr15	444402	444403	24.0	26	2
chr15	444433	444434	28.0	22	2
chr15	444894	444895	12.0	27	2
chr15	464552	464553	4.0	25	2
chr15	467808	467809	7.0	21	2
chr15	468224	468225	10.0	20	2
chr15	502528	502529	8.0	35	2
chr15	502557	502558	12.0	19	2
chr15	514601	514602	10.0	33	2
chr15	514843	514844	64.0	18	2
chr15	544578	544579	13.0	33	2
chr15	554869	554870	110.0	22	2
chr15	566035	566036	25.0	29	2
chr15	566090	566091	17.0	19	2
chr15	566409	566410	27.0	23	2
chr15	586440	586441	16.0	23	2
chr15	605869	605870	11.0	19	2
chr15	609253	609254	8.0	33	2
chr15	611345	611346	15.0	19	2
chr15	611793	611794	78.0	37	2
chr15	611821	611822	73.0	31	2
chr15	615112	615113	10.0	21	2
chr15	616996	616997	8.0	37	2
chr15	622353	622354	9.0	30	2
chr15	679015	679016	10.0	32	2
chr15	679059	679060	9.0	28	2
chr15	683198	683199	15.0	17	2
chr15	683457	683458	9.0	28	2
chr15	710186	710187	15.0	33	2
chr15	717151	717152	22.0	36	2
chr15	717167	717168	13.0	37	2
chr15	720047	720048	6.0	29	2
chr15	759597	759598	17.0	30	2
chr15	780041	780042	5.0	25	2
chr15	813754	813755	6.0	17	2
chr15	820233	820234	18.0	37	2
chr15	820371	820372	18.0	27	2
chr15	820394	820395	8.0	33	2
chr15	820422	820423	8.0	26	2
chr15	825998	825999	57.0	17	2
chr15	832399	832400	12.0	35	2
chr15	832467	832468	14.0	29	2
chr15	832513	832514	15.0	29	2
chr15	832541	832542	12.0	28	2
chr15	836868	836869	16.0	31	2
chr15	852041	852042	14.0	17	2
chr15	877825	877826	7.0	33	2
chr15	878610	878611	6.0	18	2
chr15	882194	882195	67.0	23	2
chr15	882256	882257	20.0	21	2
chr15	882312	882313	19.0	36	2
chr15	900040	900041	6.0	33	2
chr15	900127	900128	9.0	34	2
chr15	911828	911829	20.0	29	2
chr15	911871	911872	114.0	28	2
chr15	925436	925437	17.0	17	2
chr15	930164	930165	10.0	26	2
chr15	948674	948675	10.0	28	2
chr15	949515	949516	12.0	34	2
chr15	987874	987875	15.0	32	2
chr15	989381	989382	11.0	28	2
chr15	1000823	1000824	6.0	37	2
chr15	1000924	1000925	24.0	32	2
chr15	1017956	1017957	23.0	36	2
chr15	1028879	1028880	17.0	22	2
chr15	1036557	1036558	11.0	24	2
chr14	24263	24264	8.0	21	2
chr14	26736	26737	5.0	33	2
chr14	55784	55785	6.0	26	2
chr14	89050	89051	10.0	26	2
chr14	104129	104130	15.0	17	2
chr14	114158	114159	11.0	17	2
chr14	116110	116111	11.0	20	2
chr14	129350	129351	4.0	25	2
chr14	145912	145913	7.0	24	2
chr14	147767	147768	6.0	26	2
chr14	148454	148455	18.0	26	2
chr14	198876	198877	22.0	19	2
chr14	200325	200326	11.0	23	2
chr14	220560	220561	41.0	18	2
chr14	220583	220584	16.0	28	2
chr14	220775	220776	10.0	19	2
chr14	233793	233794	21.0	22	2
chr14	233812	233813	24.0	28	2
chr14	281611	281612	17.0	37	2
chr14	289010	289011	7.0	23	2
chr14	289048	289049	12.0	23	2
chr14	292804	292805	8.0	37	2
chr14	292907	292908	5.0	22	2
chr14	304417	304418	6.0	32	2
chr14	305319	305320	6.0	30	2
chr14	332243	332244	9.0	20	2
chr14	335861	335862	12.0	25	2
chr14	340025	340026	28.0	29	2
chr14	340050	340051	35.0	31	2
chr14	340239	340240	31.0	32	2
chr14	349934	349935	25.0	27	2
chr14	349966	349967	20.0	23	2
chr14	365930	365931	18.0	26	2
chr14	375172	375173	10.0	37	2
chr14	387018	387019	8.0	29	2
chr14	387032	387033	13.0	22	2
chr14	392916	392917	15.0	34	2
chr14	392937	392938	11.0	33	2
chr14	403056	403057	6.0	35	2
chr14	405890	405891	20.0	31	2
chr14	417565	417566	8.0	29	2
chr14	421196	421197	12.0	28	2
chr14	451896	451897	10.0	36	2
chr14	451968	451969	19.0	25	2
chr14	452002	452003	11.0	29	2
chr14	456189	456190	11.0	34	2
chr14	456228	456229	24.0	34	2
chr14	456351	456352	95.0	18	2
chr14	479290	479291	31.0	18	2
chr14	500659	500660	165.0	18	2
chr14	500752	500753	11.0	33	2
chr14	500820	500821	9.0	21	2
chr14	502393	502394	38.0	19	2
chr14	503223	503224	13.0	29	2
chr14	503428	503429	11.0	31	2
chr14	503451	503452	16.0	18	2
chr14	510377	510378	9.0	25	2
chr14	537993	537994	10.0	23	2
chr14	538026	538027	25.0	20	2
chr14	541991	541992	18.0	21	2
chr14	542048	542049	18.0	26	2
chr14	560780	560781	11.0	17	2
chr14	586244	586245	11.0	37	2
chr14	591315	591316	17.0	34	2
chr14	632599	632600	10.0	33	2
chr14	646489	646490	10.0	33	2
chr14	647079	647080	891.0	34	2
chr14	651975	651976	96.0	29	2
chr14	695416	695417	10.0	30	2
chr14	736613	736614	6.0	34	2
chr14	784153	784154	18.0	28	2
chr7	344	345	11.0	26	3
chr7	514	515	11.0	23	3
chr7	41247	41248	11.0	25	3
chr7	49143	49144	12.0	18	3
chr7	49439	49440	7.0	26	3
chr7	53618	53619	15.0	32	3
chr7	54013	54014	12.0	34	3
chr7	78957	78958	6.0	23	3
chr7	79978	79979	5.0	26	3
chr7	87118	87119	8.0	33	3
chr7	87206	87207	8.0	18	3
chr7	92277	92278	6.0	25	3
chr7	115828	115829	16.0	18	3
chr7	123935	123936	11.0	21	3
chr7	144173	144174	8.0	31	3
chr7	144613	144614	10.0	19	3
chr7	157642	157643	7.0	20	3
chr7	158009	158010	22.0	25	3
chr7	217133	217134	6.0	22	3
chr7	217184	217185	7.0	29	3
chr7	217470	217471	10.0	32	3
chr7	271459	271460	61.0	17	3
chr7	272747	272748	10.0	23	3
chr7	273201	273202	4.0	26	3
chr7	316021	316022	14.0	24	3
chr7	345784	345785	26.0	35	3
chr7	346538	346539	5.0	37	3
chr7	377299	377300	92.0	19	3
chr7	438457	438458	6.0	24	3
chr7	448697	448698	13.0	18	3
chr7	472941	472942	9.0	25	3
chr7	513324	513325	9.0	32	3
chr7	561764	561765	9.0	19	3
chr7	581887	581888	16.0	25	3
chr7	599714	599715	4.0	28	3
chr7	610009	610010	20.0	23	3
chr7	640417	640418	11.0	21	3
chr7	640593	640594	20.0	23	3
chr7	672016	672017	13.0	34	3
chr7	674096	674097	7.0	25	3
chr7	681144	681145	8.0	28	3
chr7	700662	700663	10.0	19	3
chr7	700701	700702	10.0	27	3
chr7	718743	718744	36.0	35	3
chr7	729516	729517	17.0	34	3
chr7	731217	731218	13.0	28	3
chr7	754118	754119	14.0	27	3
chr7	754160	754161	8.0	37	3
chr7	754209	754210	5.0	19	3
chr7	761182	761183	18.0	34	3
chr7	761292	761293	13.0	32	3
chr7	781201	781202	7.0	20	3
chr7	800348	800349	8.0	31	3
chr7	823477	823478	13.0	31	3
chr7	843539	843540	12.0	28	3
chr7	843677	843678	79.0	23	3
chr7	866456	866457	5.0	25	3
chr7	878836	878837	5.0	21	3
chr7	882427	882428	5.0	22	3
chr7	882462	882463	7.0	28	3
chr7	883001	883002	10.0	32	3
chr7	884329	884330	16.0	24	3
chr7	889164	889165	4.0	25	3
chr7	892318	892319	13.0	17	3
chr7	897330	897331	34.0	20	3
chr7	897417	897418	6.0	33	3
chr7	953745	953746	39.0	36	3
chr7	953938	953939	7.0	18	3
chr7	970373	970374	5.0	18	3
chr7	974659	974660	9.0	24	3
chr7	974678	974679	37.0	29	3
chr7	1022609	1022610	9.0	34	3
chr7	1026179	1026180	37.0	21	3
chr7	1084214	1084215	430.0	26	3
chr6	90192	90193	10.0	35	3
chr6	90210	90211	21.0	24	3
chr6	90462	90463	32.0	24	3
chr6	95681	95682	11.0	19	3
chr6	105370	105371	5.0	21	3
chr6	106535	106536	81.0	37	3
chr6	106563	106564	34.0	27	3
chr6	107824	107825	7.0	22	3
chr6	122894	122895	7.0	37	3
chr6	130097	130098	51.0	21	3
chr6	205020	205021	9.0	33	3
chr6	224450	224451	38.0	17	3
chr6	226087	226088	11.0	26	3
chr6	249815	249816	6.0	25	3
chr6	252021	252022	14.0	29	3
chr6	252200	252201	13.0	20	3
chr5	13214	13215	9.0	18	3
chr5	58270	58271	19.0	25	3
chr5	60321	60322	9.0	21	3
chr5	85558	85559	6.0	25	3
chr5	85577	85578	4.0	19	3
chr5	101543	101544	14.0	21	3
chr5	111259	111260	24.0	36	3
chr5	117973	117974	7.0	28	3
chr5	151072	151073	9.0	36	3
chr5	178199	178200	8.0	29	3
chr5	192114	192115	70.0	30	3
chr5	192135	192136	77.0	29	3
chr5	192320	192321	17.0	28	3
chr5	221663	221664	106.0	31	3
chr5	229137	229138	7.0	33	3
chr5	229154	229155	10.0	24	3
chr5	229417	229418	12.0	35	3
chr5	229520	229521	26.0	36	3
chr5	229694	229695	22.0	22	3
chr5	229865	229866	11.0	36	3
chr5	230314	230315	11.0	27	3
chr5	254484	254485	17.0	26	3
chr5	254693	254694	15.0	29	3
chr5	281345	281346	8.0	19	3
chr5	281581	281582	7.0	32	3
chr5	282030	282031	4.0	31	3
chr5	284757	284758	39.0	24	3
chr5	284866	284867	19.0	21	3
chr5	287388	287389	11.0	36	3
chr5	287583	287584	8.0	20	3
chr5	287601	287602	4.0	19	3
chr5	322159	322160	6.0	33	3
chr5	349746	349747	177.0	32	3
chr5	354909	354910	22.0	20	3
chr5	371828	371829	12.0	27	3
chr5	371890	371891	9.0	25	3
chr5	386345	386346	17.0	35	3
chr5	386436	386437	20.0	28	3
chr5	394081	394082	4.0	29	3
chr5	422572	422573	10.0	24	3
chr5	442381	442382	14.0	20	3
chr5	462687	462688	13.0	35	3
chr5	474504	474505	18.0	19	3
chr5	481669	481670	16.0	33	3
chr5	492309	492310	96.0	23	3
chr5	503834	503835	6.0	26	3
chr5	504019	504020	11.0	29	3
chr5	541588	541589	13.0	25	3
chr5	570043	570044	13.0	31	3
chr5	570092	570093	34.0	32	3
chr4	76	77	39.0	33	3
chr4	38016	38017	5.0	36	3
chr4	38043	38044	11.0	22	3
chr4	38285	38286	5.0	27	3
chr4	38431	38432	16.0	33	3
chr4	52235	52236	20.0	19	3
chr4	52271	52272	28.0	17	3
chr4	73622	73623	7.0	22	3
chr4	78186	78187	10.0	28	3
chr4	87200	87201	13.0	17	3
chr4	107119	107120	6.0	29	3
chr4	121508	121509	7.0	19	3
chr4	124282	124283	8.0	27	3
chr4	125242	125243	20.0	23	3
chr4	129535	129536	5.0	25	3
chr4	130708	130709	28.0	24	3
chr4	145473	145474	5.0	17	3
chr4	145586	145587	16.0	21	3
chr4	146001	146002	15.0	25	3
chr4	147822	147823	20.0	35	3
chr4	167669	167670	33.0	26	3
chr4	167903	167904	14.0	25	3
chr4	177621	177622	9.0	27	3
chr4	190807	190808	25.0	29	3
chr4	215530	215531	10.0	17	3
chr4	234245	234246	46.0	34	3
chr4	234267	234268	27.0	24	3
chr4	238877	238878	8.0	22	3
chr4	255181	255182	10.0	21	3
chr4	300258	300259	9.0	22	3
chr4	300326	300327	11.0	21	3
chr4	341361	341362	6.0	32	3
chr4	352498	352499	17.0	30	3
chr4	363024	363025	20.0	31	3
chr4	363041	363042	37.0	23	3
chr4	371652	371653	6.0	33	3
chr4	394052	394053	19.0	29	3
chr4	399130	399131	8.0	36	3
chr4	407556	407557	9.0	19	3
chr4	416971	416972	6.0	35	3
chr4	437847	437848	79.0	17	3
chr4	478799	478800	9.0	22	3
chr4	498346	498347	22.0	37	3
chr4	501528	501529	21.0	23	3
chr4	501626	501627	37.0	26	3
chr4	539577	539578	17.0	31	3
chr4	539604	539605	30.0	20	3
chr4	539772	539773	8.0	32	3
chr4	544435	544436	9.0	21	3
chr4	555422	555423	5.0	24	3
chr4	555508	555509	7.0	25	3
chr4	556942	556943	11.0	36	3
chr4	568872	568873	9.0	31	3
chr4	570529	570530	6.0	32	3
chr4	592183	592184	38.0	22	3
chr4	592849	592850	10.0	25	3
chr4	605098	605099	18.0	37	3
chr4	626259	626260	17.0	27	3
chr4	636109	636110	8.0	23	3
chr4	636261	636262	15.0	35	3
chr4	645220	645221	9.0	31	3
chr4	677771	677772	17.0	27	3
chr4	722641	722642	64.0	30	3
chr4	746378	746379	9.0	20	3
chr4	746680	746681	6.0	26	3
chr4	751061	751062	11.0	28	3
chr4	751493	751494	14.0	20	3
chr4	769187	769188	16.0	31	3
chr4	769487	769488	13.0	23	3
chr4	769668	769669	6.0	25	3
chr4	792605	792606	4.0	31	3
chr4	811363	811364	6.0	37	3
chr4	812044	812045	15.0	26	3
chr4	812170	812171	5.0	37	3
chr4	835957	835958	12.0	31	3
chr4	867669	867670	55.0	26	3
chr4	867795	867796	20.0	23	3
chr4	867814	867815	20.0	21	3
chr4	900243	900244	5.0	35	3
chr4	906749	906750	9.0	22	3
chr4	927002	927003	117.0	20	3
chr4	935927	935928	18.0	28	3
chr4	941327	941328	8.0	17	3
chr4	971533	971534	9.0	24	3
chr4	996357	996358	7.0	37	3
chr4	1071917	1071918	19.0	17	3
chr4	1081343	1081344	17.0	21	3
chr4	1090024	1090025	5.0	37	3
chr4	1090180	1090181	34.0	18	3
chr4	1090330	1090331	75.0	27	3
chr4	1114229	1114230	19.0	28	3
chr4	1126204	1126205	16.0	32	3
chr4	1126356	1126357	15.0	37	3
chr4	1135603	1135604	56.0	20	3
chr4	1140681	1140682	4.0	27	3
chr4	1174373	1174374	13.0	19	3
chr4	1175819	1175820	16.0	34	3
chr4	1185909	1185910	13.0	25	3
chr4	1193722	1193723	6.0	17	3
chr4	1194974	1194975	23.0	26	3
chr4	1195047	1195048	9.0	17	3
chr4	1229910	1229911	4.0	36	3
chr4	1358922	1358923	9.0	34	3
chr4	1358969	1358970	20.0	31	3
chr4	1358992	1358993	18.0	36	3
chr4	1362441	1362442	9.0	21	3
chr4	1362720	1362721	4.0	23	3
chr4	1369221	1369222	6.0	26	3
chr4	1369249	1369250	5.0	24	3
chr4	1394977	1394978	23.0	35	3
chr4	1447171	1447172	29.0	19	3
chr4	1447190	1447191	10.0	31	3
chr4	1447221	1447222	4.0	19	3
chr4	1447304	1447305	12.0	32	3
chr4	1447395	1447396	8.0	32	3
chr4	1468980	1468981	7.0	30	3
chr4	1483679	1483680	19.0	20	3
chr4	1490377	1490378	16.0	23	3
chr4	1493154	1493155	11.0	23	3
chr4	1493267	1493268	34.0	23	3
chr3	284	285	13.0	28	3
chr3	374	375	26.0	27	3
chr3	24478	24479	18.0	21	3
chr3	31219	31220	5.0	29	3
chr3	50633	50634	12.0	26	3
chr3	51034	51035	18.0	31	3
chr3	51635	51636	7.0	36	3
chr3	51770	51771	15.0	17	3
chr3	123851	123852	18.0	32	3
chr3	124072	124073	9.0	37	3
chr3	138455	138456	9.0	19	3
chr3	138572	138573	4.0	34	3
chr3	138824	138825	11.0	18	3
chr3	147219	147220	30.0	18	3
chr3	163697	163698	29.0	35	3
chr3	179569	179570	11.0	19	3
chr3	213946	213947	23.0	22	3
chr3	237223	237224	7.0	33	3
chr3	242293	242294	10.0	23	3
chr3	266387	266388	40.0	36	3
chr3	289343	289344	12.0	22	3
chr3	316371	316372	107.0	17	3
chr3	316511	316512	20.0	29	3
chr2	109	110	8.0	22	3
chr2	36579	36580	24.0	28	3
chr2	36616	36617	14.0	17	3
chr2	79839	79840	4.0	26	3
chr2	80911	80912	25.0	28	3
chr2	84383	84384	13.0	26	3
chr2	84501	84502	23.0	23	3
chr2	110966	110967	11.0	37	3
chr2	116889	116890	17.0	24	3
chr2	116915	116916	19.0	21	3
chr2	117034	117035	15.0	27	3
chr2	124868	124869	5.0	29	3
chr2	124911	124912	14.0	36	3
chr2	137365	137366	16.0	32	3
chr2	151398	151399	28.0	18	3
chr2	151420	151421	10.0	37	3
chr2	158611	158612	6.0	34	3
chr2	164959	164960	12.0	36	3
chr2	171252	171253	7.0	19	3
chr2	185800	185801	7.0	31	3
chr2	197491	197492	17.0	35	3
chr2	201813	201814	23.0	37	3
chr2	202375	202376	15.0	28	3
chr2	202423	202424	20.0	20	3
chr2	203228	203229	34.0	28	3
chr2	237214	237215	4.0	19	3
chr2	273578	273579	7.0	18	3
chr2	306162	306163	9.0	31	3
chr2	306807	306808	9.0	30	3
chr2	315403	315404	21.0	26	3
chr2	337134	337135	37.0	27	3
chr2	373301	373302	5.0	32	3
chr2	373541	373542	5.0	36	3
chr2	391881	391882	9.0	33	3
chr2	392060	392061	18.0	29	3
chr2	444823	444824	5.0	26	3
chr2	444857	444858	8.0	20	3
chr2	493022	493023	9.0	24	3
chr2	527017	527018	23.0	25	3
chr2	527073	527074	5.0	37	3
chr2	565579	565580	14.0	22	3
chr2	565596	565597	13.0	33	3
chr2	593743	593744	11.0	36	3
chr2	615270	615271	36.0	21	3
chr2	661740	661741	9.0	27	3
chr2	663143	663144	7.0	17	3
chr2	679262	679263	6.0	27	3
chr2	686714	686715	26.0	18	3
chr2	723068	723069	12.0	19	3
chr2	723159	723160	30.0	29	3
chr2	723200	723201	12.0	18	3
chr2	728698	728699	5.0	32	3
chr1	512	513	25.0	32	3
chr1	71636	71637	5.0	31	3
chr1	72805	72806	11.0	34	3
chr1	86873	86874	9.0	17	3
chr1	87257	87258	13.0	19	3
chr1	169137	169138	22.0	22	3
chr1	181099	181100	5.0	36	3
chr1	229702	229703	22.0	28	3
chr1	230119	230120	24.0	26	3
chr9	41392	41393	9.0	19	3
chr9	67691	67692	4.0	26	3
chr9	93429	93430	6.0	23	3
chr9	113532	113533	18.0	25	3
chr9	113556	113557	10.0	35	3
chr9	151407	151408	16.0	22	3
chr9	151740	151741	8.0	17	3
chr9	151785	151786	12.0	28	3
chr9	166287	166288	5.0	30	3
chr9	170073	170074	17.0	37	3
chr9	175016	175017	13.0	23	3
chr9	244495	244496	20.0	21	3
chr9	244800	244801	6.0	32	3
chr9	344057	344058	13.0	32	3
chr9	350211	350212	11.0	30	3
chr9	360207	360208	18.0	18	3
chr9	360234	360235	20.0	26	3
chr9	360339	360340	11.0	29	3
chr9	380780	380781	14.0	23	3
chr9	380843	380844	5.0	30	3
chr9	380873	380874	21.0	20	3
chr9	439323	439324	40.0	36	3
chr8	51470	51471	14.0	26	3
chr8	62714	62715	8.0	31	3
chr8	62738	62739	17.0	19	3
chr8	99600	99601	13.0	26	3
chr8	117338	117339	5.0	34	3
chr8	117391	117392	8.0	26	3
chr8	119679	119680	5.0	35	3
chr8	120192	120193	13.0	17	3
chr8	146322	146323	12.0	20	3
chr8	160350	160351	8.0	32	3
chr8	187849	187850	44.0	36	3
chr8	187874	187875	31.0	22	3
chr8	187910	187911	10.0	37	3
chr8	188105	188106	11.0	27	3
chr8	227981	227982	9.0	34	3
chr8	267320	267321	10.0	24	3
chr8	272713	272714	9.0	23	3
chr8	373512	373513	16.0	36	3
chr8	373541	373542	9.0	19	3
chr8	374592	374593	31.0	18	3
chr8	389839	389840	12.0	31	3
chr8	411066	411067	4.0	26	3
chr8	443603	443604	307.0	29	3
chr8	452899	452900	10.0	20	3
chr8	453762	453763	4.0	17	3
chr8	498959	498960	9.0	27	3
chr8	506089	506090	20.0	37	3
chr8	506120	506121	14.0	20	3
chr8	506782	506783	5.0	36	3
chr8	553736	553737	18.0	19	3
chr8	562457	562458	20.0	28	3
chr8	562477	562478	40.0	28	3
chr13	26179	26180	5.0	22	3
chr13	29266	29267	7.0	28	3
chr13	30244	30245	9.0	36	3
chr13	30348	30349	18.0	21	3
chr13	43782	43783	15.0	34	3
chr13	68101	68102	5.0	18	3
chr13	68344	68345	12.0	20	3
chr13	104300	104301	8.0	33	3
chr13	104315	104316	8.0	35	3
chr13	104595	104596	39.0	20	3
chr13	104813	104814	12.0	26	3
chr13	104841	104842	10.0	27	3
chr13	135089	135090	10.0	24	3
chr13	170053	170054	13.0	30	3
chr13	195945	195946	6.0	31	3
chr13	214115	214116	4.0	18	3
chr13	247700	247701	8.0	31	3
chr13	267051	267052	18.0	25	3
chr13	271666	271667	17.0	19	3
chr13	271955	271956	43.0	33	3
chr13	271971	271972	27.0	37	3
chr13	272356	272357	19.0	20	3
chr13	302835	302836	32.0	32	3
chr13	306805	306806	22.0	17	3
chr13	307107	307108	8.0	22	3
chr13	349966	349967	76.0	32	3
chr13	352251	352252	20.0	21	3
chr13	354859	354860	5.0	20	3
chr13	483169	483170	58.0	18	3
chr13	483290	483291	96.0	21	3
chr13	483325	483326	17.0	18	3
chr13	501890	501891	4.0	19	3
chr13	501913	501914	8.0	28	3
chr13	501986	501987	127.0	17	3
chr13	510874	510875	10.0	25	3
chr13	510919	510920	8.0	19	3
chr13	510970	510971	13.0	31	3
chr13	513523	513524	5.0	23	3
chr13	545706	545707	8.0	32	3
chr13	560755	560756	21.0	25	3
chr13	563952	563953	6.0	17	3
chr13	626199	626200	17.0	20	3
chr13	626280	626281	8.0	22	3
chr13	628229	628230	6.0	34	3
chr13	628926	628927	36.0	17	3
chr13	637064	637065	9.0	37	3
chr13	637126	637127	40.0	22	3
chr13	637268	637269	24.0	34	3
chr13	653490	653491	17.0	27	3
chr13	653515	653516	7.0	18	3
chr13	666175	666176	9.0	35	3
chr13	667476	667477	6.0	27	3
chr13	694897	694898	17.0	29	3
chr13	695288	695289	37.0	19	3
chr13	715740	715741	7.0	19	3
chr13	732230	732231	8.0	37	3
chr13	743286	743287	5.0	26	3
chr13	763137	763138	9.0	19	3
chr13	763585	763586	12.0	23	3
chr13	782566	782567	8.0	32	3
chr13	797653	797654	14.0	24	3
chr13	797814	797815	7.0	30	3
chr13	798107	798108	16.0	32	3
chr13	831826	831827	9.0	36	3
chr13	832645	832646	7.0	20	3
chr13	851835	851836	16.0	23	3
chr13	851855	851856	12.0	18	3
chr13	901717	901718	9.0	25	3
chr13	923801	923802	20.0	32	3
chr13	923830	923831	22.0	37	3
chr13	923962	923963	29.0	31	3
chr13	924024	924025	15.0	22	3
chr13	924382	924383	16.0	24	3
chr12	11394	11395	323.0	34	3
chr12	40491	40492	12.0	33	3
chr12	40610	40611	25.0	26	3
chr12	40802	40803	9.0	24	3
chr12	63242	63243	9.0	19	3
chr12	63608	63609	10.0	18	3
chr12	65700	65701	10.0	30	3
chr12	65756	65757	7.0	19	3
chr12	81133	81134	35.0	21	3
chr12	81279	81280	6.0	32	3
chr12	83373	83374	13.0	17	3
chr12	83511	83512	149.0	18	3
chr12	87130	87131	11.0	22	3
chr12	121029	121030	16.0	37	3
chr12	125209	125210	13.0	22	3
chr12	129960	129961	59.0	20	3
chr12	129981	129982	206.0	36	3
chr12	131069	131070	15.0	32	3
chr12	131578	131579	110.0	24	3
chr12	168899	168900	20.0	31	3
chr12	168923	168924	13.0	35	3
chr12	169559	169560	15.0	25	3
chr12	198503	198504	8.0	31	3
chr12	198880	198881	18.0	23	3
chr12	282864	282865	6.0	17	3
chr12	296439	296440	107.0	35	3
chr12	329507	329508	40.0	28	3
chr12	329523	329524	105.0	20	3
chr12	401996	401997	11.0	33	3
chr12	404092	404093	11.0	29	3
chr12	423808	423809	13.0	24	3
chr12	423867	423868	5.0	22	3
chr12	440064	440065	54.0	36	3
chr12	490540	490541	6.0	17	3
chr12	490871	490872	11.0	34	3
chr12	500556	500557	17.0	20	3
chr12	500586	500587	10.0	25	3
chr12	502005	502006	7.0	20	3
chr12	514443	514444	27.0	23	3
chr12	544134	544135	4.0	30	3
chr12	545892	545893	14.0	18	3
chr12	554234	554235	8.0	24	3
chr12	566195	566196	10.0	34	3
chr12	566221	566222	15.0	20	3
chr12	568485	568486	5.0	30	3
chr12	570827	570828	5.0	18	3
chr12	592350	592351	16.0	25	3
chr12	592626	592627	12.0	31	3
chr12	605316	605317	9.0	30	3
chr12	639122	639123	8.0	17	3
chr12	640157	640158	32.0	22	3
chr12	645395	645396	14.0	28	3
chr12	646002	646003	12.0	32	3
chr12	646021	646022	5.0	29	3
chr12	659728	659729	16.0	20	3
chr12	665155	665156	8.0	19	3
chr12	668940	668941	15.0	20	3
chr12	694174	694175	15.0	26	3
chr12	694198	694199	16.0	18	3
chr12	734796	734797	22.0	35	3
chr12	747989	747990	8.0	23	3
chr12	748039	748040	11.0	23	3
chr12	751942	751943	8.0	32	3
chr12	842089	842090	9.0	30	3
chr12	843966	843967	8.0	28	3
chr12	877757	877758	43.0	22	3
chr12	899118	899119	10.0	19	3
chr12	934161	934162	16.0	29	3
chr12	948149	948150	7.0	20	3
chr12	948198	948199	10.0	36	3
chr12	1047254	1047255	4.0	26	3
chr12	1057266	1057267	5.0	29	3
chr12	1064704	1064705	31.0	28	3
chr12	1064723	1064724	45.0	25	3
chr11	65800	65801	31.0	21	3
chr11	65902	65903	6.0	34	3
chr11	99826	99827	31.0	19	3
chr11	99949	99950	28.0	20	3
chr11	101156	101157	11.0	32	3
chr11	109350	109351	8.0	37	3
chr11	171729	171730	33.0	33	3
chr11	171751	171752	20.0	31	3
chr11	171908	171909	12.0	34	3
chr11	173513	173514	15.0	26	3
chr11	173819	173820	13.0	25	3
chr11	173950	173951	30.0	17	3
chr11	202639	202640	9.0	36	3
chr11	212639	212640	10.0	25	3
chr11	212707	212708	15.0	17	3
chr11	213007	213008	5.0	21	3
chr11	282279	282280	22.0	32	3
chr11	284520	284521	51.0	23	3
chr11	284538	284539	14.0	37	3
chr11	285177	285178	8.0	24	3
chr11	298861	298862	19.0	23	3
chr11	317033	317034	6.0	18	3
chr11	326777	326778	6.0	22	3
chr11	329151	329152	12.0	28	3
chr11	333815	333816	13.0	19	3
chr11	340437	340438	82.0	33	3
chr11	352586	352587	10.0	25	3
chr11	352662	352663	8.0	24	3
chr11	353668	353669	14.0	24	3
chr11	365786	365787	8.0	25	3
chr11	371276	371277	161.0	23	3
chr11	382524	382525	11.0	19	3
chr11	382556	382557	26.0	25	3
chr11	425671	425672	19.0	20	3
chr11	425771	425772	7.0	30	3
chr11	431480	431481	5.0	26	3
chr11	437315	437316	7.0	36	3
chr11	442232	442233	15.0	28	3
chr11	450915	450916	16.0	29	3
chr11	462504	462505	46.0	29	3
chr11	468209	468210	11.0	29	3
chr11	468592	468593	46.0	33	3
chr11	492857	492858	10.0	22	3
chr11	492915	492916	7.0	26	3
chr11	513626	513627	9.0	35	3
chr11	513736	513737	10.0	23	3
chr11	518510	518511	9.0	31	3
chr11	520026	520027	5.0	29	3
chr11	526301	526302	10.0	20	3
chr11	570528	570529	7.0	27	3
chr11	570834	570835	15.0	23	3
chr11	579798	579799	4.0	17	3
chr11	581400	581401	15.0	35	3
chr11	589383	589384	49.0	37	3
chr10	69064	69065	14.0	26	3
chr10	79455	79456	9.0	17	3
chr10	123277	123278	8.0	21	3
chr10	137946	137947	12.0	33	3
chr10	146434	146435	19.0	37	3
chr10	147052	147053	10.0	26	3
chr10	160175	160176	11.0	22	3
chr10	192200	192201	9.0	32	3
chr10	207272	207273	8.0	25	3
chr10	207399	207400	8.0	19	3
chr10	207613	207614	58.0	26	3
chr10	207653	207654	305.0	28	3
chr10	220759	220760	24.0	20	3
chr10	292436	292437	4.0	22	3
chr10	391122	391123	13.0	26	3
chr10	402800	402801	18.0	17	3
chr10	402827	402828	11.0	30	3
chr10	434119	434120	4.0	23	3
chr10	434590	434591	8.0	27	3
chr10	434715	434716	7.0	20	3
chr10	434865	434866	40.0	35	3
chr10	436906	436907	8.0	36	3
chr10	559393	559394	8.0	28	3
chr10	561705	561706	5.0	29	3
chr10	575505	575506	7.0	17	3
chr10	576842	576843	25.0	32	3
chr10	594630	594631	10.0	20	3
chr10	594957	594958	6.0	24	3
chr10	595066	595067	6.0	32	3
chr10	595153	595154	15.0	19	3
chr10	603287	603288	6.0	18	3
chr10	615001	615002	12.0	19	3
chr10	617898	617899	9.0	22	3
chr10	639994	639995	28.0	27	3
chr10	667735	667736	5.0	17	3
chr16	32878	32879	6.0	26	3
chr16	38674	38675	12.0	28	3
chr16	48762	48763	12.0	30	3
chr16	74837	74838	9.0	31	3
chr16	75171	75172	6.0	35	3
chr16	75216	75217	6.0	23	3
chr16	75443	75444	1979.0	37	3
chr16	98739	98740	4.0	34	3
chr16	108274	108275	11.0	31	3
chr16	125931	125932	24.0	25	3
chr16	125963	125964	12.0	22	3
chr16	153361	153362	10.0	36	3
chr16	205126	205127	138.0	20	3
chr16	205363	205364	7.0	37	3
chr16	227892	227893	20.0	35	3
chr16	227914	227915	15.0	31	3
chr16	321615	321616	9.0	33	3
chr16	321985	321986	25.0	27	3
chr16	329297	329298	25.0	35	3
chr16	409127	409128	8.0	28	3
chr16	410542	410543	8.0	18	3
chr16	411686	411687	10.0	36	3
chr16	425436	425437	28.0	31	3
chr16	425452	425453	13.0	32	3
chr16	425750	425751	5.0	20	3
chr16	444439	444440	18.0	27	3
chr16	455288	455289	6.0	21	3
chr16	482104	482105	116.0	18	3
chr16	482214	482215	5.0	36	3
chr16	517115	517116	11.0	24	3
chr16	520409	520410	30.0	24	3
chr16	527047	527048	4.0	21	3
chr16	614636	614637	27.0	36	3
chr16	614731	614732	26.0	36	3
chr16	614752	614753	16.0	18	3
chr16	615027	615028	4.0	32	3
chr16	617140	617141	9.0	23	3
chr16	641383	641384	13.0	36	3
chr16	641419	641420	12.0	23	3
chr16	643600	643601	24.0	31	3
chr16	646508	646509	8.0	35	3
chr16	646526	646527	6.0	18	3
chr16	647180	647181	22.0	24	3
chr16	648442	648443	11.0	26	3
chr16	654032	654033	14.0	23	3
chr16	667292	667293	15.0	31	3
chr16	681658	681659	16.0	25	3
chr16	681826	681827	4.0	29	3
chr16	681941	681942	9.0	31	3
chr16	695273	695274	34.0	31	3
chr16	696946	696947	16.0	18	3
chr16	719370	719371	12.0	18	3
chr16	730402	730403	25.0	24	3
chr16	732157	732158	44.0	25	3
chr16	744278	744279	9.0	28	3
chr16	770698	770699	11.0	30	3
chr16	820735	820736	7.0	23	3
chr16	829094	829095	80.0	29	3
chr16	829114	829115	63.0	34	3
chr16	829240	829241	19.0	28	3
chr16	829329	829330	14.0	29	3
chr16	870652	870653	5.0	20	3
chr16	898774	898775	4.0	26	3
chr16	899635	899636	12.0	35	3
chr16	900089	900090	78.0	30	3
chr16	900263	900264	18.0	29	3
chr15	142	143	291.0	23	3
chr15	289	290	300.0	34	3
chr15	559	560	42.0	36	3
chr15	605	606	13.0	27	3
chr15	47775	47776	15.0	27	3
chr15	47795	47796	14.0	37	3
chr15	61148	61149	4.0	27	3
chr15	61418	61419	11.0	26	3
chr15	87162	87163	5.0	34	3
chr15	87210	87211	9.0	25	3
chr15	94373	94374	12.0	29	3
chr15	109448	109449	13.0	29	3
chr15	110918	110919	5.0	27	3
chr15	170553	170554	17.0	27	3
chr15	173205	173206	9.0	21	3
chr15	232291	232292	6.0	29	3
chr15	233908	233909	6.0	21	3
chr15	233977	233978	9.0	20	3
chr15	234460	234461	13.0	34	3
chr15	234576	234577	38.0	21	3
chr15	238453	238454	12.0	20	3
chr15	255139	255140	16.0	35	3
chr15	256833	256834	46.0	29	3
chr15	285452	285453	6.0	21	3
chr15	304589	304590	24.0	23	3
chr15	315759	315760	6.0	18	3
chr15	315862	315863	14.0	31	3
chr15	316020	316021	8.0	31	3
chr15	316388	316389	81.0	30	3
chr15	316670	316671	21.0	23	3
chr15	317261	317262	5.0	23	3
chr15	340377	340378	4.0	24	3
chr15	373514	373515	6.0	24	3
chr15	373539	373540	9.0	28	3
chr15	373554	373555	15.0	17	3
chr15	421465	421466	11.0	25	3
chr15	421653	421654	9.0	36	3
chr15	421844	421845	20.0	31	3
chr15	444710	444711	4.0	19	3
chr15	446981	446982	29.0	32	3
chr15	461734	461735	6.0	22	3
chr15	464432	464433	9.0	26	3
chr15	502668	502669	12.0	36	3
chr15	502685	502686	16.0	37	3
chr15	511060	511061	5.0	34	3
chr15	514535	514536	22.0	25	3
chr15	514693	514694	9.0	22	3
chr15	514728	514729	21.0	31	3
chr15	514748	514749	43.0	24	3
chr15	519156	519157	12.0	32	3
chr15	544957	544958	11.0	30	3
chr15	553046	553047	72.0	22	3
chr15	617340	617341	8.0	24	3
chr15	618745	618746	6.0	32	3
chr15	619415	619416	6.0	33	3
chr15	631989	631990	29.0	18	3
chr15	682300	682301	20.0	18	3
chr15	683619	683620	23.0	17	3
chr15	683719	683720	344.0	36	3
chr15	683786	683787	120.0	24	3
chr15	717325	717326	11.0	36	3
chr15	717404	717405	9.0	23	3
chr15	720405	720406	149.0	19	3
chr15	720567	720568	14.0	28	3
chr15	759833	759834	15.0	34	3
chr15	762550	762551	7.0	36	3
chr15	769449	769450	9.0	20	3
chr15	769512	769513	10.0	36	3
chr15	792373	792374	7.0	18	3
chr15	797054	797055	18.0	29	3
chr15	804778	804779	14.0	37	3
chr15	840909	840910	10.0	24	3
chr15	841410	841411	7.0	24	3
chr15	851977	851978	112.0	28	3
chr15	854255	854256	15.0	37	3
chr15	878017	878018	52.0	18	3
chr15	912831	912832	10.0	23	3
chr15	943423	943424	6.0	36	3
chr15	949616	949617	63.0	17	3
chr15	949826	949827	15.0	37	3
chr15	971082	971083	5.0	28	3
chr15	976410	976411	8.0	36	3
chr15	979465	979466	6.0	23	3
chr15	1017751	1017752	13.0	32	3
chr15	1064515	1064516	10.0	33	3
chr14	19557	19558	11.0	22	3
chr14	34738	34739	7.0	25	3
chr14	55964	55965	14.0	18	3
chr14	56877	56878	7.0	35	3
chr14	59759	59760	10.0	37	3
chr14	91658	91659	15.0	25	3
chr14	104554	104555	6.0	32	3
chr14	104792	104793	27.0	17	3
chr14	110755	110756	101.0	36	3
chr14	111050	111051	9.0	26	3
chr14	135700	135701	9.0	19	3
chr14	148201	148202	17.0	20	3
chr14	148551	148552	9.0	25	3
chr14	174649	174650	7.0	22	3
chr14	174676	174677	16.0	34	3
chr14	187606	187607	9.0	24	3
chr14	187762	187763	22.0	22	3
chr14	214707	214708	19.0	22	3
chr14	230848	230849	32.0	18	3
chr14	241557	241558	17.0	32	3
chr14	270152	270153	14.0	31	3
chr14	281711	281712	177.0	22	3
chr14	281730	281731	151.0	23	3
chr14	281763	281764	28.0	32	3
chr14	293235	293236	12.0	29	3
chr14	297832	297833	11.0	25	3
chr14	317634	317635	4.0	21	3
chr14	317954	317955	123.0	25	3
chr14	318030	318031	22.0	31	3
chr14	318186	318187	6.0	28	3
chr14	318204	318205	14.0	37	3
chr14	318231	318232	9.0	32	3
chr14	318292	318293	5.0	23	3
chr14	318379	318380	6.0	32	3
chr14	332358	332359	70.0	31	3
chr14	332731	332732	11.0	29	3
chr14	332777	332778	11.0	18	3
chr14	339868	339869	17.0	33	3
chr14	339957	339958	12.0	27	3
chr14	355870	355871	9.0	24	3
chr14	374853	374854	5.0	22	3
chr14	375004	375005	9.0	27	3
chr14	375025	375026	12.0	21	3
chr14	375078	375079	8.0	30	3
chr14	392832	392833	7.0	21	3
chr14	417760	417761	15.0	25	3
chr14	418679	418680	12.0	19	3
chr14	427392	427393	26.0	18	3
chr14	451658	451659	14.0	17	3
chr14	459654	459655	7.0	23	3
chr14	503816	503817	5.0	28	3
chr14	525919	525920	20.0	36	3
chr14	538152	538153	8.0	37	3
chr14	541739	541740	5.0	37	3
chr14	576111	576112	5.0	20	3
chr14	602295	602296	14.0	23	3
chr14	618290	618291	15.0	34	3
chr14	620029	620030	16.0	22	3
chr14	620221	620222	9.0	23	3
chr14	646785	646786	4.0	30	3
chr14	646819	646820	10.0	29	3
chr14	652028	652029	131.0	27	3
chr14	652116	652117	25.0	30	3
chr14	652136	652137	18.0	23	3
chr14	694867	694868	7.0	30	3
chr14	699765	699766	13.0	26	3
chr14	783876	783877	40.0	20	3
